Test acc.: 0.998
Test report:
              precision    recall  f1-score   support

           0       0.99      1.00      1.00       220
           1       1.00      1.00      1.00       220
           2       1.00      1.00      1.00       220
           3       1.00      0.99      1.00       220
           4       1.00      1.00      1.00       220
           5       1.00      1.00      1.00       220
           6       1.00      0.99      0.99       220
           7       0.99      1.00      1.00       220
           8       1.00      1.00      1.00       220
           9       1.00      1.00      1.00       220

    accuracy                           1.00      2200
   macro avg       1.00      1.00      1.00      2200
weighted avg       1.00      1.00      1.00      2200

