Test acc.: 0.978
Test report:
              precision    recall  f1-score   support

           0       1.00      0.92      0.96        12
           1       1.00      1.00      1.00        12
           2       1.00      1.00      1.00        12
           3       0.86      1.00      0.92        12
           4       1.00      1.00      1.00        12
           5       1.00      0.92      0.96        12
           6       1.00      0.92      0.96        12
           7       1.00      0.92      0.96        12
           8       1.00      1.00      1.00        12
           9       1.00      1.00      1.00        12
          10       1.00      1.00      1.00        12
          11       1.00      1.00      1.00        12
          12       0.92      1.00      0.96        12
          13       1.00      1.00      1.00        12
          14       0.92      1.00      0.96        12

    accuracy                           0.98       180
   macro avg       0.98      0.98      0.98       180
weighted avg       0.98      0.98      0.98       180

