Test acc.: 0.961
Test report:
              precision    recall  f1-score   support

           0       1.00      0.92      0.96        12
           1       1.00      1.00      1.00        12
           2       1.00      1.00      1.00        12
           3       0.91      0.83      0.87        12
           4       1.00      1.00      1.00        12
           5       0.92      0.92      0.92        12
           6       1.00      1.00      1.00        12
           7       1.00      0.83      0.91        12
           8       0.86      1.00      0.92        12
           9       1.00      1.00      1.00        12
          10       0.92      1.00      0.96        12
          11       1.00      1.00      1.00        12
          12       0.92      0.92      0.92        12
          13       1.00      1.00      1.00        12
          14       0.92      1.00      0.96        12

    accuracy                           0.96       180
   macro avg       0.96      0.96      0.96       180
weighted avg       0.96      0.96      0.96       180

