Test acc.: 0.960
Test report:
              precision    recall  f1-score   support

           0       0.98      0.98      0.98      1113
           1       0.94      0.89      0.91      1113
           2       0.90      0.98      0.94      1114
           3       0.98      0.99      0.98      1025
           4       0.99      0.97      0.98      1114
           5       0.98      0.98      0.98      1025
           6       0.97      1.00      0.98      1026
           7       0.95      0.96      0.95      1112
           8       0.99      0.90      0.94      1025
           9       0.95      0.96      0.95      1025

    accuracy                           0.96     10692
   macro avg       0.96      0.96      0.96     10692
weighted avg       0.96      0.96      0.96     10692

