Test acc.: 0.968
Test report:
              precision    recall  f1-score   support

           0       0.98      0.98      0.98      1113
           1       0.97      0.92      0.94      1113
           2       0.93      0.99      0.96      1114
           3       0.98      0.99      0.99      1025
           4       0.98      0.99      0.98      1114
           5       0.97      0.99      0.98      1025
           6       0.99      1.00      0.99      1026
           7       0.95      0.98      0.96      1112
           8       0.99      0.91      0.95      1025
           9       0.96      0.95      0.95      1025

    accuracy                           0.97     10692
   macro avg       0.97      0.97      0.97     10692
weighted avg       0.97      0.97      0.97     10692

