Test acc.: 0.980
Test report:
              precision    recall  f1-score   support

           0       0.96      0.98      0.97       437
           1       1.00      1.00      1.00       452
           2       0.99      0.96      0.97       454
           3       0.98      0.97      0.98       450
           4       0.95      0.99      0.97       433
           5       0.97      0.94      0.96       449
           6       0.99      1.00      1.00       447
           7       1.00      1.00      1.00       460

    accuracy                           0.98      3582
   macro avg       0.98      0.98      0.98      3582
weighted avg       0.98      0.98      0.98      3582

