Test acc.: 0.965
Test report:
              precision    recall  f1-score   support

           0       0.99      0.95      0.97       220
           1       0.98      1.00      0.99       220
           2       0.93      0.94      0.94       220
           3       1.00      0.95      0.97       220
           4       0.97      0.98      0.97       220
           5       0.98      1.00      0.99       220
           6       1.00      0.97      0.99       220
           7       0.93      0.96      0.95       220
           8       0.97      0.92      0.94       220
           9       0.91      0.99      0.95       220

    accuracy                           0.96      2200
   macro avg       0.97      0.97      0.97      2200
weighted avg       0.97      0.96      0.97      2200

