Test acc.: 0.971
Test report:
              precision    recall  f1-score   support

           0       0.97      0.93      0.95       220
           1       0.99      1.00      0.99       220
           2       0.96      0.96      0.96       220
           3       0.97      0.95      0.96       220
           4       0.96      0.99      0.98       220
           5       0.99      1.00      0.99       220
           6       0.98      0.99      0.98       220
           7       0.96      0.96      0.96       220
           8       0.99      0.95      0.97       220
           9       0.95      0.99      0.97       220

    accuracy                           0.97      2200
   macro avg       0.97      0.97      0.97      2200
weighted avg       0.97      0.97      0.97      2200

