Test acc.: 0.969
Test report:
              precision    recall  f1-score   support

           0       0.94      0.98      0.96       220
           1       1.00      1.00      1.00       220
           2       0.97      0.97      0.97       220
           3       0.98      0.94      0.96       220
           4       0.92      1.00      0.96       220
           5       1.00      1.00      1.00       220
           6       0.99      0.95      0.97       220
           7       0.96      0.95      0.95       220
           8       0.99      0.92      0.95       220
           9       0.95      0.99      0.97       220

    accuracy                           0.97      2200
   macro avg       0.97      0.97      0.97      2200
weighted avg       0.97      0.97      0.97      2200

