Test acc.: 0.962
Test report:
              precision    recall  f1-score   support

           0       1.00      1.00      1.00        15
           1       1.00      1.00      1.00        15
           2       1.00      1.00      1.00        15
           3       1.00      0.73      0.85        15
           4       0.88      1.00      0.94        15
           5       0.94      1.00      0.97        15
           6       0.68      1.00      0.81        15
           7       1.00      0.73      0.85        15
           8       1.00      1.00      1.00        15
           9       0.94      1.00      0.97        15
          10       1.00      1.00      1.00        15
          11       1.00      1.00      1.00        15
          12       1.00      1.00      1.00        15
          13       0.94      1.00      0.97        15
          14       1.00      1.00      1.00        15
          15       1.00      1.00      1.00        15
          16       0.94      1.00      0.97        15
          17       0.83      1.00      0.91        15
          18       1.00      1.00      1.00        15
          19       0.88      1.00      0.94        15
          20       1.00      1.00      1.00        15
          21       1.00      0.60      0.75        15
          22       1.00      1.00      1.00        15
          23       1.00      1.00      1.00        15
          24       1.00      1.00      1.00        15
          25       1.00      1.00      1.00        15
          26       0.88      1.00      0.94        15
          27       1.00      1.00      1.00        15
          28       0.92      0.73      0.81        15
          29       1.00      1.00      1.00        15
          30       0.94      1.00      0.97        15
          31       1.00      0.93      0.97        15
          32       1.00      1.00      1.00        15
          33       1.00      0.93      0.97        15
          34       1.00      1.00      1.00        15
          35       1.00      0.93      0.97        15
          36       1.00      0.67      0.80        15
          37       0.94      1.00      0.97        15
          38       1.00      1.00      1.00        15
          39       1.00      0.93      0.97        15
          40       1.00      0.87      0.93        15
          41       1.00      1.00      1.00        15
          42       1.00      1.00      1.00        15
          43       1.00      1.00      1.00        15
          44       1.00      1.00      1.00        15
          45       0.94      1.00      0.97        15
          46       0.94      1.00      0.97        15
          47       0.78      0.93      0.85        15
          48       1.00      0.93      0.97        15
          49       1.00      1.00      1.00        15
          50       1.00      0.93      0.97        15
          51       1.00      1.00      1.00        15
          52       0.94      1.00      0.97        15
          53       0.93      0.93      0.93        15
          54       1.00      0.93      0.97        15
          55       0.94      1.00      0.97        15
          56       1.00      1.00      1.00        15
          57       1.00      1.00      1.00        15
          58       1.00      0.93      0.97        15
          59       0.94      1.00      0.97        15
          60       1.00      1.00      1.00        15
          61       1.00      1.00      1.00        15
          62       1.00      0.80      0.89        15
          63       0.88      0.93      0.90        15
          64       0.82      0.93      0.87        15
          65       0.88      1.00      0.94        15
          66       1.00      1.00      1.00        15
          67       0.93      0.93      0.93        15
          68       1.00      1.00      1.00        15
          69       1.00      0.87      0.93        15
          70       1.00      1.00      1.00        15
          71       1.00      0.93      0.97        15
          72       1.00      1.00      1.00        15
          73       1.00      1.00      1.00        15
          74       1.00      1.00      1.00        15
          75       1.00      0.80      0.89        15
          76       1.00      1.00      1.00        15
          77       0.79      1.00      0.88        15
          78       1.00      1.00      1.00        15
          79       1.00      0.93      0.97        15
          80       0.94      1.00      0.97        15
          81       1.00      1.00      1.00        15
          82       0.94      1.00      0.97        15
          83       0.83      1.00      0.91        15
          84       1.00      1.00      1.00        15
          85       0.94      1.00      0.97        15
          86       1.00      0.87      0.93        15
          87       1.00      1.00      1.00        15
          88       0.94      1.00      0.97        15
          89       0.94      1.00      0.97        15
          90       1.00      0.87      0.93        15
          91       1.00      1.00      1.00        15
          92       1.00      1.00      1.00        15
          93       1.00      0.93      0.97        15
          94       0.93      0.93      0.93        15

    accuracy                           0.96      1425
   macro avg       0.97      0.96      0.96      1425
weighted avg       0.97      0.96      0.96      1425

