Test acc.: 0.974
Test report:
              precision    recall  f1-score   support

           0       1.00      1.00      1.00        15
           1       1.00      1.00      1.00        15
           2       0.93      0.93      0.93        15
           3       1.00      0.93      0.97        15
           4       1.00      1.00      1.00        15
           5       1.00      1.00      1.00        15
           6       0.88      1.00      0.94        15
           7       1.00      0.87      0.93        15
           8       1.00      1.00      1.00        15
           9       0.94      1.00      0.97        15
          10       1.00      1.00      1.00        15
          11       1.00      1.00      1.00        15
          12       1.00      1.00      1.00        15
          13       1.00      0.93      0.97        15
          14       1.00      1.00      1.00        15
          15       1.00      1.00      1.00        15
          16       1.00      1.00      1.00        15
          17       0.94      1.00      0.97        15
          18       1.00      0.87      0.93        15
          19       1.00      1.00      1.00        15
          20       1.00      1.00      1.00        15
          21       0.81      0.87      0.84        15
          22       1.00      1.00      1.00        15
          23       1.00      1.00      1.00        15
          24       1.00      1.00      1.00        15
          25       1.00      1.00      1.00        15
          26       0.83      1.00      0.91        15
          27       1.00      0.93      0.97        15
          28       1.00      0.80      0.89        15
          29       1.00      1.00      1.00        15
          30       1.00      1.00      1.00        15
          31       1.00      1.00      1.00        15
          32       0.94      1.00      0.97        15
          33       0.93      0.93      0.93        15
          34       1.00      1.00      1.00        15
          35       1.00      0.93      0.97        15
          36       0.93      0.87      0.90        15
          37       1.00      1.00      1.00        15
          38       0.88      1.00      0.94        15
          39       1.00      1.00      1.00        15
          40       1.00      0.80      0.89        15
          41       1.00      1.00      1.00        15
          42       1.00      1.00      1.00        15
          43       0.94      1.00      0.97        15
          44       1.00      1.00      1.00        15
          45       0.94      1.00      0.97        15
          46       1.00      1.00      1.00        15
          47       0.87      0.87      0.87        15
          48       1.00      0.87      0.93        15
          49       0.88      1.00      0.94        15
          50       0.94      1.00      0.97        15
          51       0.94      1.00      0.97        15
          52       1.00      1.00      1.00        15
          53       1.00      1.00      1.00        15
          54       1.00      0.87      0.93        15
          55       0.94      1.00      0.97        15
          56       1.00      1.00      1.00        15
          57       1.00      1.00      1.00        15
          58       1.00      0.93      0.97        15
          59       0.94      1.00      0.97        15
          60       1.00      1.00      1.00        15
          61       0.94      1.00      0.97        15
          62       1.00      1.00      1.00        15
          63       0.88      1.00      0.94        15
          64       1.00      1.00      1.00        15
          65       1.00      1.00      1.00        15
          66       1.00      1.00      1.00        15
          67       1.00      1.00      1.00        15
          68       1.00      1.00      1.00        15
          69       1.00      0.87      0.93        15
          70       1.00      1.00      1.00        15
          71       1.00      1.00      1.00        15
          72       1.00      1.00      1.00        15
          73       1.00      1.00      1.00        15
          74       0.88      1.00      0.94        15
          75       1.00      1.00      1.00        15
          76       1.00      1.00      1.00        15
          77       1.00      1.00      1.00        15
          78       1.00      1.00      1.00        15
          79       1.00      1.00      1.00        15
          80       1.00      1.00      1.00        15
          81       1.00      1.00      1.00        15
          82       0.94      1.00      0.97        15
          83       0.94      1.00      0.97        15
          84       1.00      1.00      1.00        15
          85       1.00      1.00      1.00        15
          86       1.00      1.00      1.00        15
          87       1.00      0.80      0.89        15
          88       1.00      1.00      1.00        15
          89       1.00      1.00      1.00        15
          90       0.93      0.93      0.93        15
          91       0.94      1.00      0.97        15
          92       1.00      1.00      1.00        15
          93       0.92      0.73      0.81        15
          94       0.94      1.00      0.97        15

    accuracy                           0.97      1425
   macro avg       0.98      0.97      0.97      1425
weighted avg       0.98      0.97      0.97      1425

