Test acc.: 0.968
Test report:
              precision    recall  f1-score   support

           0       1.00      1.00      1.00        15
           1       1.00      1.00      1.00        15
           2       0.94      1.00      0.97        15
           3       1.00      1.00      1.00        15
           4       1.00      1.00      1.00        15
           5       1.00      0.93      0.97        15
           6       0.88      1.00      0.94        15
           7       0.92      0.80      0.86        15
           8       1.00      0.87      0.93        15
           9       0.94      1.00      0.97        15
          10       1.00      1.00      1.00        15
          11       1.00      1.00      1.00        15
          12       1.00      1.00      1.00        15
          13       0.94      1.00      0.97        15
          14       1.00      1.00      1.00        15
          15       1.00      1.00      1.00        15
          16       0.88      1.00      0.94        15
          17       0.88      1.00      0.94        15
          18       1.00      1.00      1.00        15
          19       1.00      1.00      1.00        15
          20       1.00      1.00      1.00        15
          21       1.00      0.60      0.75        15
          22       1.00      1.00      1.00        15
          23       0.94      1.00      0.97        15
          24       1.00      1.00      1.00        15
          25       1.00      1.00      1.00        15
          26       1.00      1.00      1.00        15
          27       1.00      0.93      0.97        15
          28       1.00      0.80      0.89        15
          29       1.00      1.00      1.00        15
          30       0.93      0.93      0.93        15
          31       1.00      1.00      1.00        15
          32       0.94      1.00      0.97        15
          33       1.00      0.93      0.97        15
          34       0.94      1.00      0.97        15
          35       1.00      1.00      1.00        15
          36       1.00      0.80      0.89        15
          37       1.00      1.00      1.00        15
          38       1.00      1.00      1.00        15
          39       1.00      1.00      1.00        15
          40       1.00      0.87      0.93        15
          41       1.00      1.00      1.00        15
          42       1.00      1.00      1.00        15
          43       0.94      1.00      0.97        15
          44       1.00      1.00      1.00        15
          45       0.88      0.93      0.90        15
          46       0.94      1.00      0.97        15
          47       0.88      0.93      0.90        15
          48       1.00      0.93      0.97        15
          49       0.94      1.00      0.97        15
          50       1.00      1.00      1.00        15
          51       1.00      1.00      1.00        15
          52       1.00      1.00      1.00        15
          53       1.00      1.00      1.00        15
          54       0.93      0.87      0.90        15
          55       0.82      0.93      0.87        15
          56       1.00      1.00      1.00        15
          57       1.00      1.00      1.00        15
          58       1.00      0.93      0.97        15
          59       1.00      1.00      1.00        15
          60       1.00      1.00      1.00        15
          61       1.00      1.00      1.00        15
          62       1.00      0.87      0.93        15
          63       0.88      0.93      0.90        15
          64       1.00      1.00      1.00        15
          65       1.00      1.00      1.00        15
          66       1.00      1.00      1.00        15
          67       1.00      0.93      0.97        15
          68       0.92      0.80      0.86        15
          69       1.00      0.80      0.89        15
          70       0.94      1.00      0.97        15
          71       1.00      1.00      1.00        15
          72       0.88      0.93      0.90        15
          73       1.00      1.00      1.00        15
          74       0.88      1.00      0.94        15
          75       1.00      1.00      1.00        15
          76       1.00      1.00      1.00        15
          77       0.88      1.00      0.94        15
          78       1.00      1.00      1.00        15
          79       1.00      1.00      1.00        15
          80       1.00      1.00      1.00        15
          81       0.94      1.00      0.97        15
          82       0.88      1.00      0.94        15
          83       0.88      0.93      0.90        15
          84       1.00      1.00      1.00        15
          85       1.00      1.00      1.00        15
          86       0.94      1.00      0.97        15
          87       1.00      1.00      1.00        15
          88       1.00      1.00      1.00        15
          89       1.00      1.00      1.00        15
          90       0.94      1.00      0.97        15
          91       0.94      1.00      0.97        15
          92       1.00      1.00      1.00        15
          93       1.00      1.00      1.00        15
          94       0.86      0.80      0.83        15

    accuracy                           0.97      1425
   macro avg       0.97      0.97      0.97      1425
weighted avg       0.97      0.97      0.97      1425

