Test acc.: 0.970
Test report:
              precision    recall  f1-score   support

           0       1.00      1.00      1.00        15
           1       1.00      1.00      1.00        15
           2       1.00      0.93      0.97        15
           3       1.00      1.00      1.00        15
           4       1.00      0.93      0.97        15
           5       1.00      1.00      1.00        15
           6       0.88      1.00      0.94        15
           7       1.00      0.80      0.89        15
           8       1.00      1.00      1.00        15
           9       0.88      1.00      0.94        15
          10       1.00      1.00      1.00        15
          11       1.00      1.00      1.00        15
          12       1.00      1.00      1.00        15
          13       1.00      0.93      0.97        15
          14       1.00      1.00      1.00        15
          15       1.00      1.00      1.00        15
          16       1.00      1.00      1.00        15
          17       0.75      1.00      0.86        15
          18       0.93      0.93      0.93        15
          19       1.00      1.00      1.00        15
          20       1.00      1.00      1.00        15
          21       0.87      0.87      0.87        15
          22       0.94      1.00      0.97        15
          23       1.00      1.00      1.00        15
          24       1.00      1.00      1.00        15
          25       0.94      1.00      0.97        15
          26       0.94      1.00      0.97        15
          27       1.00      0.93      0.97        15
          28       1.00      0.87      0.93        15
          29       1.00      1.00      1.00        15
          30       0.94      1.00      0.97        15
          31       0.94      1.00      0.97        15
          32       1.00      1.00      1.00        15
          33       0.81      0.87      0.84        15
          34       1.00      1.00      1.00        15
          35       0.94      1.00      0.97        15
          36       1.00      0.80      0.89        15
          37       0.94      1.00      0.97        15
          38       1.00      1.00      1.00        15
          39       1.00      0.93      0.97        15
          40       1.00      0.87      0.93        15
          41       1.00      1.00      1.00        15
          42       1.00      1.00      1.00        15
          43       1.00      1.00      1.00        15
          44       1.00      0.93      0.97        15
          45       1.00      0.93      0.97        15
          46       1.00      1.00      1.00        15
          47       0.88      0.93      0.90        15
          48       1.00      1.00      1.00        15
          49       1.00      1.00      1.00        15
          50       1.00      0.93      0.97        15
          51       0.94      1.00      0.97        15
          52       1.00      1.00      1.00        15
          53       0.94      1.00      0.97        15
          54       0.93      0.93      0.93        15
          55       0.94      1.00      0.97        15
          56       1.00      1.00      1.00        15
          57       1.00      1.00      1.00        15
          58       1.00      0.93      0.97        15
          59       1.00      1.00      1.00        15
          60       1.00      1.00      1.00        15
          61       1.00      1.00      1.00        15
          62       1.00      0.93      0.97        15
          63       0.93      0.93      0.93        15
          64       0.82      0.93      0.87        15
          65       1.00      1.00      1.00        15
          66       1.00      1.00      1.00        15
          67       0.94      1.00      0.97        15
          68       1.00      1.00      1.00        15
          69       1.00      0.67      0.80        15
          70       1.00      0.93      0.97        15
          71       1.00      1.00      1.00        15
          72       1.00      1.00      1.00        15
          73       1.00      1.00      1.00        15
          74       1.00      1.00      1.00        15
          75       1.00      0.87      0.93        15
          76       1.00      1.00      1.00        15
          77       0.94      1.00      0.97        15
          78       1.00      1.00      1.00        15
          79       1.00      0.93      0.97        15
          80       1.00      1.00      1.00        15
          81       0.94      1.00      0.97        15
          82       0.83      1.00      0.91        15
          83       0.88      1.00      0.94        15
          84       1.00      1.00      1.00        15
          85       1.00      1.00      1.00        15
          86       1.00      0.93      0.97        15
          87       1.00      0.87      0.93        15
          88       1.00      1.00      1.00        15
          89       1.00      1.00      1.00        15
          90       1.00      1.00      1.00        15
          91       0.94      1.00      0.97        15
          92       1.00      1.00      1.00        15
          93       1.00      0.87      0.93        15
          94       0.88      1.00      0.94        15

    accuracy                           0.97      1425
   macro avg       0.97      0.97      0.97      1425
weighted avg       0.97      0.97      0.97      1425

