Test acc.: 0.761
Test report:
              precision    recall  f1-score   support

           0       0.88      0.58      0.70        12
           1       0.71      0.83      0.77        12
           2       0.43      0.75      0.55        12
           3       0.83      0.83      0.83        12
           4       0.86      1.00      0.92        12
           5       0.89      0.67      0.76        12
           6       0.83      0.83      0.83        12
           7       0.79      0.92      0.85        12
           8       0.67      1.00      0.80        12
           9       0.89      0.67      0.76        12
          10       0.82      0.75      0.78        12
          11       0.70      0.58      0.64        12
          12       1.00      0.42      0.59        12
          13       1.00      0.92      0.96        12
          14       0.67      0.67      0.67        12

    accuracy                           0.76       180
   macro avg       0.80      0.76      0.76       180
weighted avg       0.80      0.76      0.76       180

