Test acc.: 0.794
Test report:
              precision    recall  f1-score   support

           0       1.00      0.58      0.74        12
           1       0.77      0.83      0.80        12
           2       0.83      0.83      0.83        12
           3       0.91      0.83      0.87        12
           4       0.80      1.00      0.89        12
           5       1.00      0.75      0.86        12
           6       0.77      0.83      0.80        12
           7       0.80      1.00      0.89        12
           8       0.80      1.00      0.89        12
           9       0.67      0.67      0.67        12
          10       0.58      0.58      0.58        12
          11       0.75      0.75      0.75        12
          12       0.86      0.50      0.63        12
          13       0.92      1.00      0.96        12
          14       0.64      0.75      0.69        12

    accuracy                           0.79       180
   macro avg       0.81      0.79      0.79       180
weighted avg       0.81      0.79      0.79       180

