Test acc.: 0.772
Test report:
              precision    recall  f1-score   support

           0       0.75      0.75      0.75        12
           1       0.80      0.67      0.73        12
           2       0.53      0.75      0.62        12
           3       0.92      0.92      0.92        12
           4       0.92      1.00      0.96        12
           5       1.00      0.67      0.80        12
           6       0.91      0.83      0.87        12
           7       0.83      0.83      0.83        12
           8       0.86      1.00      0.92        12
           9       0.89      0.67      0.76        12
          10       0.50      0.58      0.54        12
          11       0.75      0.75      0.75        12
          12       0.80      0.33      0.47        12
          13       0.92      1.00      0.96        12
          14       0.56      0.83      0.67        12

    accuracy                           0.77       180
   macro avg       0.80      0.77      0.77       180
weighted avg       0.80      0.77      0.77       180

