Test acc.: 0.750
Test report:
              precision    recall  f1-score   support

           0       0.58      0.58      0.58        12
           1       0.71      0.83      0.77        12
           2       0.53      0.67      0.59        12
           3       0.92      0.92      0.92        12
           4       1.00      0.83      0.91        12
           5       1.00      0.75      0.86        12
           6       0.82      0.75      0.78        12
           7       0.85      0.92      0.88        12
           8       0.71      1.00      0.83        12
           9       0.80      0.67      0.73        12
          10       0.56      0.75      0.64        12
          11       0.64      0.58      0.61        12
          12       0.80      0.33      0.47        12
          13       0.92      1.00      0.96        12
          14       0.67      0.67      0.67        12

    accuracy                           0.75       180
   macro avg       0.77      0.75      0.75       180
weighted avg       0.77      0.75      0.75       180

