Test acc.: 0.789
Test report:
              precision    recall  f1-score   support

           0       0.88      0.58      0.70        12
           1       0.69      0.92      0.79        12
           2       0.77      0.83      0.80        12
           3       0.91      0.83      0.87        12
           4       0.92      0.92      0.92        12
           5       1.00      0.75      0.86        12
           6       0.79      0.92      0.85        12
           7       1.00      0.83      0.91        12
           8       0.80      1.00      0.89        12
           9       1.00      0.50      0.67        12
          10       0.57      0.67      0.62        12
          11       0.61      0.92      0.73        12
          12       0.80      0.33      0.47        12
          13       0.92      1.00      0.96        12
          14       0.62      0.83      0.71        12

    accuracy                           0.79       180
   macro avg       0.82      0.79      0.78       180
weighted avg       0.82      0.79      0.78       180

