Test acc.: 0.953
Test report:
              precision    recall  f1-score   support

           0       0.99      0.99      0.99      1113
           1       0.91      0.88      0.89      1113
           2       0.90      0.96      0.93      1114
           3       0.97      0.98      0.97      1025
           4       0.98      0.98      0.98      1114
           5       0.97      0.98      0.97      1025
           6       0.96      0.99      0.97      1026
           7       0.93      0.93      0.93      1112
           8       0.97      0.91      0.94      1025
           9       0.96      0.95      0.95      1025

    accuracy                           0.95     10692
   macro avg       0.95      0.95      0.95     10692
weighted avg       0.95      0.95      0.95     10692

