Test acc.: 0.934
Test report:
              precision    recall  f1-score   support

           0       0.90      0.95      0.93       437
           1       0.98      0.96      0.97       452
           2       0.93      0.93      0.93       454
           3       0.94      0.90      0.92       450
           4       0.90      0.97      0.93       433
           5       0.86      0.82      0.84       449
           6       0.97      0.98      0.98       447
           7       0.99      0.97      0.98       460

    accuracy                           0.93      3582
   macro avg       0.93      0.93      0.93      3582
weighted avg       0.93      0.93      0.93      3582

