Test acc.: 0.941
Test report:
              precision    recall  f1-score   support

           0       0.92      0.95      0.93       437
           1       0.98      0.98      0.98       452
           2       0.95      0.91      0.93       454
           3       0.94      0.89      0.91       450
           4       0.90      0.97      0.93       433
           5       0.88      0.88      0.88       449
           6       0.97      0.98      0.97       447
           7       0.99      0.98      0.99       460

    accuracy                           0.94      3582
   macro avg       0.94      0.94      0.94      3582
weighted avg       0.94      0.94      0.94      3582

