Test acc.: 0.992
Test report:
              precision    recall  f1-score   support

           0       0.98      1.00      0.99       220
           1       1.00      1.00      1.00       220
           2       0.98      0.98      0.98       220
           3       1.00      0.99      0.99       220
           4       1.00      1.00      1.00       220
           5       0.99      1.00      0.99       220
           6       1.00      0.97      0.98       220
           7       0.99      1.00      1.00       220
           8       0.99      1.00      1.00       220
           9       0.99      0.99      0.99       220

    accuracy                           0.99      2200
   macro avg       0.99      0.99      0.99      2200
weighted avg       0.99      0.99      0.99      2200

