Test acc.: 0.994
Test report:
              precision    recall  f1-score   support

           0       1.00      1.00      1.00       220
           1       1.00      1.00      1.00       220
           2       1.00      0.98      0.99       220
           3       0.99      0.99      0.99       220
           4       1.00      0.99      1.00       220
           5       1.00      1.00      1.00       220
           6       1.00      0.99      1.00       220
           7       0.97      1.00      0.99       220
           8       0.99      0.99      0.99       220
           9       0.99      1.00      1.00       220

    accuracy                           0.99      2200
   macro avg       0.99      0.99      0.99      2200
weighted avg       0.99      0.99      0.99      2200

