Test acc.: 0.944
Test report:
              precision    recall  f1-score   support

           0       1.00      0.92      0.96        12
           1       1.00      1.00      1.00        12
           2       1.00      1.00      1.00        12
           3       0.92      0.92      0.92        12
           4       1.00      1.00      1.00        12
           5       1.00      0.92      0.96        12
           6       0.92      1.00      0.96        12
           7       0.85      0.92      0.88        12
           8       0.86      1.00      0.92        12
           9       1.00      0.83      0.91        12
          10       0.92      1.00      0.96        12
          11       0.86      1.00      0.92        12
          12       1.00      0.75      0.86        12
          13       1.00      1.00      1.00        12
          14       0.92      0.92      0.92        12

    accuracy                           0.94       180
   macro avg       0.95      0.94      0.94       180
weighted avg       0.95      0.94      0.94       180

