Test acc.: 0.952
Test report:
              precision    recall  f1-score   support

           0       0.99      0.97      0.98      1113
           1       0.96      0.88      0.92      1113
           2       0.89      0.97      0.93      1114
           3       0.96      0.99      0.97      1025
           4       0.97      0.97      0.97      1114
           5       0.97      0.98      0.98      1025
           6       0.98      0.97      0.98      1026
           7       0.92      0.96      0.94      1112
           8       0.94      0.91      0.93      1025
           9       0.94      0.91      0.92      1025

    accuracy                           0.95     10692
   macro avg       0.95      0.95      0.95     10692
weighted avg       0.95      0.95      0.95     10692

