Test acc.: 0.958
Test report:
              precision    recall  f1-score   support

           0       0.98      0.97      0.98      1113
           1       0.96      0.89      0.92      1113
           2       0.92      0.98      0.95      1114
           3       0.97      0.98      0.97      1025
           4       0.98      0.98      0.98      1114
           5       0.96      0.98      0.97      1025
           6       0.96      0.99      0.98      1026
           7       0.94      0.95      0.94      1112
           8       0.98      0.91      0.95      1025
           9       0.94      0.94      0.94      1025

    accuracy                           0.96     10692
   macro avg       0.96      0.96      0.96     10692
weighted avg       0.96      0.96      0.96     10692

