Test acc.: 0.950
Test report:
              precision    recall  f1-score   support

           0       0.97      0.97      0.97      1113
           1       0.94      0.88      0.91      1113
           2       0.90      0.98      0.94      1114
           3       0.95      0.98      0.97      1025
           4       0.97      0.97      0.97      1114
           5       0.95      0.99      0.97      1025
           6       0.97      0.99      0.98      1026
           7       0.95      0.91      0.93      1112
           8       0.99      0.90      0.94      1025
           9       0.92      0.92      0.92      1025

    accuracy                           0.95     10692
   macro avg       0.95      0.95      0.95     10692
weighted avg       0.95      0.95      0.95     10692

