Test acc.: 0.973
Test report:
              precision    recall  f1-score   support

           0       0.96      0.99      0.98       437
           1       1.00      1.00      1.00       452
           2       0.97      0.96      0.97       454
           3       0.97      0.94      0.96       450
           4       0.93      0.98      0.95       433
           5       0.98      0.92      0.95       449
           6       0.98      1.00      0.99       447
           7       1.00      0.99      0.99       460

    accuracy                           0.97      3582
   macro avg       0.97      0.97      0.97      3582
weighted avg       0.97      0.97      0.97      3582

