Test acc.: 0.968
Test report:
              precision    recall  f1-score   support

           0       0.97      0.97      0.97       437
           1       1.00      0.99      0.99       452
           2       0.98      0.95      0.97       454
           3       0.97      0.94      0.96       450
           4       0.91      0.98      0.94       433
           5       0.96      0.92      0.94       449
           6       0.96      1.00      0.98       447
           7       1.00      0.99      1.00       460

    accuracy                           0.97      3582
   macro avg       0.97      0.97      0.97      3582
weighted avg       0.97      0.97      0.97      3582

